Learning rate is 0.1

0.01,22493
0.02,12093
0.03,8375
0.04,6411
0.05,5173
0.06,4315
0.07,3677
0.08,3183
0.09,2787
0.1,2461
0.11,2189
0.12,1957
0.13,1759
0.14,1586



Learning rate is 0.15

0.01,14969
0.02,8041
0.03,5567
0.04,4260
0.05,3437
0.06,2865
0.07,2442
0.08,2113
0.09,1851
0.1,1635
0.11,1453
0.12,1300
0.13,1168
0.14,1053



Learning rate is 0.2

0.01,11207
0.02,6016
0.03,4163
0.04,3184
0.05,2569
0.06,2141
0.07,1825
0.08,1579
0.09,1383
0.1,1221
0.11,1086
0.12,971
0.13,873
0.14,787



Learning rate is 0.25

0.01,8949
0.02,4801
0.03,3320
0.04,2539
0.05,2048
0.06,1707
0.07,1455
0.08,1259
0.09,1101
0.1,973
0.11,865
0.12,775
0.13,696
0.14,627



Learning rate is 0.3

0.01,7445
0.02,3991
0.03,2759
0.04,2109
0.05,1701
0.06,1417
0.07,1207
0.08,1045
0.09,915
0.1,808
0.11,719
0.12,643
0.13,577
0.14,521



Learning rate is 0.35

0.01,6369
0.02,3412
0.03,2357
0.04,1801
0.05,1453
0.06,1211
0.07,1031
0.08,892
0.09,781
0.1,690
0.11,613
0.12,549
0.13,493
0.14,445



Learning rate is 0.4

0.01,5564
0.02,2977
0.03,2057
0.04,1571
0.05,1267
0.06,1055
0.07,899
0.08,777
0.09,681
0.1,601
0.11,535
0.12,479
0.13,431
0.14,388



Learning rate is 0.45

0.01,4937
0.02,2640
0.03,1823
0.04,1392
0.05,1123
0.06,935
0.07,796
0.08,689
0.09,603
0.1,532
0.11,474
0.12,424
0.13,381
0.14,344



Learning rate is 0.5

0.01,4435
0.02,2371
0.03,1635
0.04,1249
0.05,1007
0.06,839
0.07,715
0.08,617
0.09,540
0.1,477
0.11,425
0.12,380
0.13,342
0.14,308



Learning rate is 0.55

0.01,4024
0.02,2149
0.03,1483
0.04,1131
0.05,911
0.06,759
0.07,647
0.08,559
0.09,491
0.1,432
0.11,385
0.12,344
0.13,310
0.14,279



Learning rate is 0.6

0.01,3683
0.02,1965
0.03,1355
0.04,1035
0.05,832
0.06,693
0.07,591
0.08,511
0.09,447
0.1,395
0.11,351
0.12,315
0.13,283
0.14,255



Learning rate is 0.65

0.01,3393
0.02,1809
0.03,1247
0.04,951
0.05,767
0.06,639
0.07,543
0.08,471
0.09,411
0.1,363
0.11,323
0.12,290
0.13,260
0.14,235



Learning rate is 0.7

0.01,3145
0.02,1676
0.03,1155
0.04,880
0.05,709
0.06,591
0.07,503
0.08,435
0.09,380
0.1,336
0.11,299
0.12,267
0.13,241
0.14,218



Learning rate is 0.75

0.01,2931
0.02,1560
0.03,1075
0.04,819
0.05,659
0.06,548
0.07,467
0.08,404
0.09,355
0.1,313
0.11,279
0.12,249
0.13,224
0.14,203



Learning rate is 0.8

0.01,2741
0.02,1459
0.03,1004
0.04,765
0.05,616
0.06,512
0.07,436
0.08,379
0.09,331
0.1,292
0.11,260
0.12,233
0.13,211
0.14,190



Learning rate is 0.85

0.01,2576
0.02,1369
0.03,943
0.04,719
0.05,579
0.06,480
0.07,409
0.08,355
0.09,311
0.1,275
0.11,243
0.12,219
0.13,196
0.14,179



Learning rate is 0.9

0.01,2428
0.02,1291
0.03,887
0.04,675
0.05,543
0.06,452
0.07,385
0.08,335
0.09,291
0.1,259
0.11,231
0.12,207
0.13,186
0.14,167



Learning rate is 0.95

0.01,2296
0.02,1219
0.03,839
0.04,639
0.05,513
0.06,427
0.07,363
0.08,315
0.09,275
0.1,243
0.11,217
0.12,195
0.13,175
0.14,159



