Mometum Factor is 0.001

0.01,101003
0.02,52585
0.03,36046
0.04,27623
0.05,22480
0.06,19003
0.07,16492
0.08,14580
0.09,13077
0.1,11862
0.11,10861
0.12,10023
0.13,9293
0.14,8666



Mometum Factor is 0.051

0.01,96174
0.02,50063
0.03,34317
0.04,26291
0.05,21397
0.06,18091
0.07,15694
0.08,13875
0.09,12442
0.1,11287
0.11,10330
0.12,9527
0.13,8843
0.14,8245



Mometum Factor is 0.101

0.01,91788
0.02,47771
0.03,32744
0.04,25080
0.05,20410
0.06,17256
0.07,14967
0.08,13235
0.09,11867
0.1,10766
0.11,9851
0.12,9094
0.13,8431
0.14,7863



Mometum Factor is 0.151

0.01,87783
0.02,45683
0.03,31307
0.04,23981
0.05,19511
0.06,16493
0.07,14311
0.08,12651
0.09,11343
0.1,10287
0.11,9419
0.12,8684
0.13,8055
0.14,7511



Mometum Factor is 0.201

0.01,84108
0.02,43764
0.03,29991
0.04,22967
0.05,18695
0.06,15795
0.07,13704
0.08,12111
0.09,10862
0.1,9848
0.11,9014
0.12,8311
0.13,7719
0.14,7191



Mometum Factor is 0.251

0.01,80726
0.02,41999
0.03,28777
0.04,22037
0.05,17932
0.06,15152
0.07,13142
0.08,11623
0.09,10419
0.1,9451
0.11,8648
0.12,7976
0.13,7400
0.14,6899



Mometum Factor is 0.301

0.01,77611
0.02,40372
0.03,27659
0.04,21178
0.05,17231
0.06,14567
0.07,12628
0.08,11159
0.09,10007
0.1,9076
0.11,8307
0.12,7659
0.13,7111
0.14,6631



Mometum Factor is 0.351

0.01,74719
0.02,38863
0.03,26618
0.04,20390
0.05,16584
0.06,14010
0.07,12150
0.08,10740
0.09,9627
0.1,8730
0.11,7989
0.12,7369
0.13,6835
0.14,6376



Mometum Factor is 0.401

0.01,72040
0.02,37462
0.03,25656
0.04,19643
0.05,15981
0.06,13499
0.07,11706
0.08,10349
0.09,9275
0.1,8410
0.11,7699
0.12,7095
0.13,6581
0.14,6138



Mometum Factor is 0.451

0.01,69544
0.02,36165
0.03,24762
0.04,18958
0.05,15418
0.06,13032
0.07,11303
0.08,9991
0.09,8949
0.1,8115
0.11,7431
0.12,6842
0.13,6350
0.14,5927



Mometum Factor is 0.501

0.01,67211
0.02,34941
0.03,23926
0.04,18317
0.05,14896
0.06,12587
0.07,10919
0.08,9644
0.09,8648
0.1,7835
0.11,7176
0.12,6611
0.13,6131
0.14,5717



Mometum Factor is 0.551

0.01,65032
0.02,33805
0.03,23147
0.04,17716
0.05,14409
0.06,12172
0.07,10551
0.08,9325
0.09,8361
0.1,7576
0.11,6933
0.12,6389
0.13,5929
0.14,5526



Mometum Factor is 0.601

0.01,62986
0.02,32742
0.03,22413
0.04,17159
0.05,13946
0.06,11784
0.07,10217
0.08,9031
0.09,8088
0.1,7337
0.11,6709
0.12,6187
0.13,5739
0.14,5352



Mometum Factor is 0.651

0.01,61065
0.02,31734
0.03,21722
0.04,16624
0.05,13518
0.06,11415
0.07,9900
0.08,8747
0.09,7847
0.1,7111
0.11,6504
0.12,5993
0.13,5557
0.14,5179



Mometum Factor is 0.701

0.01,59254
0.02,30793
0.03,21076
0.04,16134
0.05,13111
0.06,11079
0.07,9607
0.08,8487
0.09,7600
0.1,6893
0.11,6311
0.12,5808
0.13,5389
0.14,5031



Mometum Factor is 0.751

0.01,57551
0.02,29902
0.03,20464
0.04,15660
0.05,12728
0.06,10747
0.07,9321
0.08,8235
0.09,7379
0.1,6695
0.11,6120
0.12,5640
0.13,5229
0.14,4877



Mometum Factor is 0.801

0.01,55944
0.02,29064
0.03,19887
0.04,15215
0.05,12368
0.06,10445
0.07,9051
0.08,7995
0.09,7175
0.1,6503
0.11,5941
0.12,5480
0.13,5077
0.14,4743



Mometum Factor is 0.851

0.01,54419
0.02,28268
0.03,19342
0.04,14797
0.05,12024
0.06,10157
0.07,8807
0.08,7783
0.09,6966
0.1,6317
0.11,5776
0.12,5325
0.13,4937
0.14,4599



Mometum Factor is 0.901

0.01,52976
0.02,27511
0.03,18825
0.04,14406
0.05,11702
0.06,9879
0.07,8564
0.08,7565
0.09,6776
0.1,6151
0.11,5619
0.12,5175
0.13,4808
0.14,4474



Mometum Factor is 0.951

0.01,51606
0.02,26799
0.03,18331
0.04,14025
0.05,11400
0.06,9621
0.07,8339
0.08,7368
0.09,6601
0.1,5978
0.11,5467
0.12,5040
0.13,4680
0.14,4360



