Mometum Factor is 0.001

0.01,5557
0.02,2975
0.03,2055
0.04,1569
0.05,1265
0.06,1055
0.07,899
0.08,777
0.09,680
0.1,601
0.11,535
0.12,479
0.13,430
0.14,387



Mometum Factor is 0.051

0.01,5289
0.02,2831
0.03,1955
0.04,1493
0.05,1203
0.06,1003
0.07,855
0.08,739
0.09,647
0.1,571
0.11,508
0.12,455
0.13,409
0.14,369



Mometum Factor is 0.101

0.01,5045
0.02,2699
0.03,1864
0.04,1423
0.05,1147
0.06,955
0.07,815
0.08,704
0.09,616
0.1,544
0.11,484
0.12,433
0.13,389
0.14,351



Mometum Factor is 0.151

0.01,4823
0.02,2579
0.03,1780
0.04,1360
0.05,1096
0.06,913
0.07,777
0.08,673
0.09,589
0.1,520
0.11,463
0.12,415
0.13,372
0.14,336



Mometum Factor is 0.201

0.01,4619
0.02,2469
0.03,1704
0.04,1301
0.05,1049
0.06,873
0.07,744
0.08,643
0.09,563
0.1,499
0.11,443
0.12,396
0.13,356
0.14,321



Mometum Factor is 0.251

0.01,4431
0.02,2368
0.03,1635
0.04,1248
0.05,1005
0.06,837
0.07,713
0.08,617
0.09,540
0.1,477
0.11,424
0.12,380
0.13,341
0.14,308



Mometum Factor is 0.301

0.01,4257
0.02,2275
0.03,1569
0.04,1199
0.05,965
0.06,804
0.07,685
0.08,592
0.09,519
0.1,459
0.11,407
0.12,365
0.13,328
0.14,296



Mometum Factor is 0.351

0.01,4097
0.02,2188
0.03,1509
0.04,1152
0.05,928
0.06,773
0.07,659
0.08,571
0.09,499
0.1,440
0.11,392
0.12,351
0.13,315
0.14,285



Mometum Factor is 0.401

0.01,3948
0.02,2108
0.03,1455
0.04,1109
0.05,895
0.06,744
0.07,635
0.08,548
0.09,480
0.1,424
0.11,377
0.12,339
0.13,303
0.14,275



Mometum Factor is 0.451

0.01,3809
0.02,2033
0.03,1403
0.04,1071
0.05,863
0.06,719
0.07,611
0.08,529
0.09,463
0.1,409
0.11,364
0.12,326
0.13,293
0.14,264



Mometum Factor is 0.501

0.01,3680
0.02,1964
0.03,1355
0.04,1033
0.05,832
0.06,693
0.07,591
0.08,511
0.09,447
0.1,395
0.11,351
0.12,315
0.13,283
0.14,255



Mometum Factor is 0.551

0.01,3559
0.02,1899
0.03,1308
0.04,999
0.05,804
0.06,669
0.07,571
0.08,493
0.09,432
0.1,382
0.11,339
0.12,303
0.13,273
0.14,247



Mometum Factor is 0.601

0.01,3445
0.02,1837
0.03,1267
0.04,967
0.05,779
0.06,647
0.07,551
0.08,477
0.09,419
0.1,369
0.11,328
0.12,295
0.13,264
0.14,239



Mometum Factor is 0.651

0.01,3339
0.02,1780
0.03,1227
0.04,935
0.05,753
0.06,627
0.07,535
0.08,463
0.09,404
0.1,358
0.11,319
0.12,285
0.13,256
0.14,231



Mometum Factor is 0.701

0.01,3237
0.02,1725
0.03,1189
0.04,907
0.05,731
0.06,608
0.07,519
0.08,447
0.09,392
0.1,347
0.11,308
0.12,275
0.13,248
0.14,224



Mometum Factor is 0.751

0.01,3143
0.02,1675
0.03,1153
0.04,880
0.05,708
0.06,591
0.07,503
0.08,435
0.09,380
0.1,336
0.11,299
0.12,267
0.13,241
0.14,218



Mometum Factor is 0.801

0.01,3053
0.02,1627
0.03,1120
0.04,855
0.05,687
0.06,572
0.07,487
0.08,423
0.09,369
0.1,327
0.11,291
0.12,259
0.13,235
0.14,211



Mometum Factor is 0.851

0.01,2969
0.02,1581
0.03,1088
0.04,831
0.05,668
0.06,556
0.07,475
0.08,411
0.09,359
0.1,317
0.11,283
0.12,252
0.13,227
0.14,205



Mometum Factor is 0.901

0.01,2889
0.02,1539
0.03,1059
0.04,807
0.05,651
0.06,541
0.07,460
0.08,399
0.09,349
0.1,308
0.11,275
0.12,247
0.13,221
0.14,199



Mometum Factor is 0.951

0.01,2813
0.02,1497
0.03,1031
0.04,785
0.05,632
0.06,527
0.07,448
0.08,387
0.09,339
0.1,299
0.11,267
0.12,239
0.13,215
0.14,195



