Learning rate is 0.1

0.01,24683
0.02,18310
0.03,15931
0.04,14603
0.05,13746
0.06,13161
0.07,12707
0.08,12280
0.09,11966
0.1,11751
0.11,11467
0.12,11261
0.13,11161
0.14,10998



Learning rate is 0.15

0.01,16306
0.02,12055
0.03,10459
0.04,9586
0.05,9035
0.06,8608
0.07,8296
0.08,8045
0.09,7882
0.1,7699
0.11,7507
0.12,7370
0.13,7297
0.14,7202



Learning rate is 0.2

0.01,12165
0.02,8981
0.03,7796
0.04,7132
0.05,6708
0.06,6403
0.07,6170
0.08,6008
0.09,5828
0.1,5697
0.11,5624
0.12,5481
0.13,5438
0.14,5350



Learning rate is 0.25

0.01,9705
0.02,7160
0.03,6206
0.04,5695
0.05,5347
0.06,5105
0.07,4943
0.08,4771
0.09,4648
0.1,4543
0.11,4452
0.12,4372
0.13,4300
0.14,4234



Learning rate is 0.3

0.01,8078
0.02,5959
0.03,5167
0.04,4735
0.05,4455
0.06,4254
0.07,4117
0.08,4001
0.09,3902
0.1,3814
0.11,3741
0.12,3682
0.13,3619
0.14,3533



Learning rate is 0.35

0.01,6929
0.02,5112
0.03,4434
0.04,4073
0.05,3839
0.06,3654
0.07,3539
0.08,3419
0.09,3332
0.1,3259
0.11,3195
0.12,3138
0.13,3117
0.14,3076



Learning rate is 0.4

0.01,6041
0.02,4481
0.03,3896
0.04,3568
0.05,3360
0.06,3211
0.07,3097
0.08,3026
0.09,2951
0.1,2867
0.11,2811
0.12,2763
0.13,2718
0.14,2707



Learning rate is 0.45

0.01,5377
0.02,3994
0.03,3475
0.04,3186
0.05,3011
0.06,2870
0.07,2783
0.08,2690
0.09,2642
0.1,2587
0.11,2518
0.12,2499
0.13,2435
0.14,2399



Learning rate is 0.5

0.01,4848
0.02,3605
0.03,3143
0.04,2883
0.05,2718
0.06,2611
0.07,2511
0.08,2439
0.09,2379
0.1,2330
0.11,2307
0.12,2247
0.13,2212
0.14,2181



Learning rate is 0.55

0.01,4441
0.02,3293
0.03,2872
0.04,2637
0.05,2498
0.06,2392
0.07,2301
0.08,2251
0.09,2183
0.1,2137
0.11,2119
0.12,2063
0.13,2031
0.14,2003



Learning rate is 0.6

0.01,4061
0.02,3032
0.03,2643
0.04,2433
0.05,2307
0.06,2201
0.07,2139
0.08,2068
0.09,2019
0.1,1979
0.11,1943
0.12,1911
0.13,1883
0.14,1857



Learning rate is 0.65

0.01,3780
0.02,2810
0.03,2458
0.04,2267
0.05,2137
0.06,2059
0.07,1981
0.08,1941
0.09,1898
0.1,1861
0.11,1831
0.12,1783
0.13,1757
0.14,1755



Learning rate is 0.7

0.01,3502
0.02,2624
0.03,2294
0.04,2121
0.05,2008
0.06,1919
0.07,1857
0.08,1819
0.09,1766
0.1,1747
0.11,1701
0.12,1693
0.13,1670
0.14,1649



Learning rate is 0.75

0.01,3296
0.02,2460
0.03,2154
0.04,1994
0.05,1889
0.06,1815
0.07,1749
0.08,1715
0.09,1665
0.1,1647
0.11,1605
0.12,1597
0.13,1575
0.14,1538



Learning rate is 0.8

0.01,3101
0.02,2319
0.03,2032
0.04,1878
0.05,1785
0.06,1716
0.07,1655
0.08,1611
0.09,1577
0.1,1560
0.11,1521
0.12,1514
0.13,1495
0.14,1458



Learning rate is 0.85

0.01,2928
0.02,2193
0.03,1928
0.04,1780
0.05,1687
0.06,1622
0.07,1580
0.08,1531
0.09,1499
0.1,1471
0.11,1447
0.12,1425
0.13,1422
0.14,1406



Learning rate is 0.9

0.01,2774
0.02,2082
0.03,1831
0.04,1693
0.05,1611
0.06,1544
0.07,1498
0.08,1470
0.09,1439
0.1,1403
0.11,1381
0.12,1374
0.13,1358
0.14,1342



Learning rate is 0.95

0.01,2636
0.02,1981
0.03,1746
0.04,1619
0.05,1534
0.06,1482
0.07,1439
0.08,1395
0.09,1367
0.1,1343
0.11,1321
0.12,1315
0.13,1285
0.14,1283



