Learning rate is 0.1

0.01,406027
0.02,211913
0.03,145550
0.04,111704
0.05,91052
0.06,77070
0.07,66949
0.08,59251
0.09,53196
0.1,48296
0.11,44240
0.12,40826
0.13,37909
0.14,35383



Learning rate is 0.15

0.01,270504
0.02,141125
0.03,96901
0.04,74347
0.05,60587
0.06,51273
0.07,44526
0.08,39404
0.09,35371
0.1,32108
0.11,29413
0.12,27141
0.13,25196
0.14,23511



Learning rate is 0.2

0.01,202740
0.02,105724
0.03,72568
0.04,55664
0.05,45353
0.06,38375
0.07,33320
0.08,29481
0.09,26455
0.1,24014
0.11,21995
0.12,20295
0.13,18836
0.14,17580



Learning rate is 0.25

0.01,162087
0.02,84492
0.03,57974
0.04,44459
0.05,36212
0.06,30635
0.07,26597
0.08,23528
0.09,21109
0.1,19157
0.11,17545
0.12,16182
0.13,15023
0.14,14023



Learning rate is 0.3

0.01,134984
0.02,70330
0.03,48244
0.04,36984
0.05,30121
0.06,25477
0.07,22107
0.08,19559
0.09,17548
0.1,15920
0.11,14579
0.12,13448
0.13,12487
0.14,11642



Learning rate is 0.35

0.01,115624
0.02,60218
0.03,41295
0.04,31655
0.05,25769
0.06,21786
0.07,18906
0.08,16723
0.09,14999
0.1,13611
0.11,12461
0.12,11495
0.13,10667
0.14,9946



Learning rate is 0.4

0.01,101102
0.02,52634
0.03,36083
0.04,27653
0.05,22507
0.06,19024
0.07,16506
0.08,14599
0.09,13095
0.1,11879
0.11,10869
0.12,10027
0.13,9301
0.14,8680



Learning rate is 0.45

0.01,89808
0.02,46739
0.03,32027
0.04,24534
0.05,19963
0.06,16877
0.07,14639
0.08,12943
0.09,11606
0.1,10535
0.11,9639
0.12,8885
0.13,8243
0.14,7691



Learning rate is 0.5

0.01,80777
0.02,42023
0.03,28787
0.04,22043
0.05,17935
0.06,15156
0.07,13143
0.08,11623
0.09,10419
0.1,9451
0.11,8651
0.12,7976
0.13,7400
0.14,6899



Learning rate is 0.55

0.01,73385
0.02,38159
0.03,26133
0.04,20011
0.05,16275
0.06,13749
0.07,11924
0.08,10539
0.09,9451
0.1,8565
0.11,7847
0.12,7226
0.13,6703
0.14,6253



Learning rate is 0.6

0.01,67223
0.02,34940
0.03,23923
0.04,18313
0.05,14892
0.06,12583
0.07,10903
0.08,9640
0.09,8647
0.1,7831
0.11,7175
0.12,6605
0.13,6127
0.14,5715



Learning rate is 0.65

0.01,62010
0.02,32218
0.03,22056
0.04,16876
0.05,13718
0.06,11591
0.07,10042
0.08,8875
0.09,7955
0.1,7213
0.11,6600
0.12,6087
0.13,5640
0.14,5259



Learning rate is 0.7

0.01,57548
0.02,29893
0.03,20455
0.04,15642
0.05,12717
0.06,10739
0.07,9303
0.08,8218
0.09,7371
0.1,6677
0.11,6106
0.12,5626
0.13,5224
0.14,4871



Learning rate is 0.75

0.01,53676
0.02,27863
0.03,19060
0.04,14579
0.05,11848
0.06,10003
0.07,8666
0.08,7656
0.09,6861
0.1,6219
0.11,5685
0.12,5237
0.13,4855
0.14,4527



Learning rate is 0.8

0.01,50287
0.02,26096
0.03,17844
0.04,13645
0.05,11086
0.06,9357
0.07,8109
0.08,7157
0.09,6415
0.1,5813
0.11,5319
0.12,4903
0.13,4538
0.14,4235



Learning rate is 0.85

0.01,47303
0.02,24535
0.03,16776
0.04,12821
0.05,10415
0.06,8789
0.07,7623
0.08,6727
0.09,6024
0.1,5455
0.11,4986
0.12,4595
0.13,4264
0.14,3976



Learning rate is 0.9

0.01,44647
0.02,23150
0.03,15821
0.04,12087
0.05,9815
0.06,8282
0.07,7176
0.08,6343
0.09,5675
0.1,5139
0.11,4698
0.12,4331
0.13,4013
0.14,3738



Learning rate is 0.95

0.01,42264
0.02,21908
0.03,14965
0.04,11437
0.05,9288
0.06,7831
0.07,6791
0.08,5991
0.09,5363
0.1,4855
0.11,4439
0.12,4087
0.13,3791
0.14,3533



