Learning rate is 0.1

0.1,51136
0.2,27742
0.3,19062
0.4,14367
0.5,11394
0.6,9342
0.7,7847
0.8,6715
0.9,5835
1,5132
1.1,4561
1.2,4090
1.3,3692
1.4,3355



Learning rate is 0.15

0.1,33932
0.2,18415
0.3,12672
0.4,9564
0.5,7592
0.6,6232
0.7,5235
0.8,4483
0.9,3900
1,3431
1.1,3050
1.2,2735
1.3,2471
1.4,2246



Learning rate is 0.2

0.1,25326
0.2,13755
0.3,9475
0.4,7164
0.5,5693
0.6,4674
0.7,3932
0.8,3372
0.9,2932
1,2581
1.1,2295
1.2,2060
1.3,1861
1.4,1691



Learning rate is 0.25

0.1,20166
0.2,10964
0.3,7564
0.4,5724
0.5,4554
0.6,3744
0.7,3152
0.8,2702
0.9,2352
1,2071
1.1,1842
1.2,1653
1.3,1495
1.4,1361



Learning rate is 0.3

0.1,16734
0.2,9104
0.3,6294
0.4,4765
0.5,3795
0.6,3125
0.7,2632
0.8,2262
0.9,1965
1,1732
1.1,1542
1.2,1383
1.3,1251
1.4,1140



Learning rate is 0.35

0.1,14275
0.2,7774
0.3,5384
0.4,4085
0.5,3262
0.6,2684
0.7,2262
0.8,1942
0.9,1692
1,1492
1.1,1330
1.2,1192
1.3,1080
1.4,981



Learning rate is 0.4

0.1,12435
0.2,6777
0.3,4704
0.4,3575
0.5,2855
0.6,2355
0.7,1985
0.8,1705
0.9,1485
1,1312
1.1,1170
1.2,1050
1.3,950
1.4,862



Learning rate is 0.45

0.1,11005
0.2,6006
0.3,4175
0.4,3184
0.5,2544
0.6,2095
0.7,1772
0.8,1522
0.9,1325
1,1172
1.1,1042
1.2,940
1.3,850
1.4,771



Learning rate is 0.5

0.1,9864
0.2,5394
0.3,3755
0.4,2865
0.5,2295
0.6,1895
0.7,1602
0.8,1375
0.9,1202
1,1060
1.1,942
1.2,850
1.3,770
1.4,700



Learning rate is 0.55

0.1,8926
0.2,4886
0.3,3414
0.4,2614
0.5,2094
0.6,1732
0.7,1463
0.8,1255
0.9,1095
1,970
1.1,862
1.2,773
1.3,701
1.4,640



Learning rate is 0.6

0.1,8154
0.2,4474
0.3,3126
0.4,2395
0.5,1925
0.6,1595
0.7,1345
0.8,1162
0.9,1012
1,892
1.1,795
1.2,713
1.3,650
1.4,591



Learning rate is 0.65

0.1,7494
0.2,4115
0.3,2886
0.4,2215
0.5,1785
0.6,1475
0.7,1252
0.8,1075
0.9,942
1,830
1.1,740
1.2,663
1.3,601
1.4,550



Learning rate is 0.7

0.1,6926
0.2,3814
0.3,2684
0.4,2065
0.5,1664
0.6,1375
0.7,1165
0.8,1003
0.9,875
1,772
1.1,690
1.2,620
1.3,561
1.4,511



Learning rate is 0.75

0.1,6444
0.2,3555
0.3,2506
0.4,1935
0.5,1555
0.6,1295
0.7,1095
0.8,945
0.9,825
1,730
1.1,650
1.2,582
1.3,530
1.4,481



Learning rate is 0.8

0.1,6016
0.2,3326
0.3,2356
0.4,1825
0.5,1475
0.6,1225
0.7,1035
0.8,895
0.9,782
1,692
1.1,613
1.2,551
1.3,501
1.4,460



Learning rate is 0.85

0.1,5645
0.2,3135
0.3,2225
0.4,1725
0.5,1395
0.6,1155
0.7,985
0.8,845
0.9,742
1,653
1.1,582
1.2,522
1.3,472
1.4,431



Learning rate is 0.9

0.1,5306
0.2,2955
0.3,2105
0.4,1635
0.5,1325
0.6,1095
0.7,935
0.8,805
0.9,703
1,620
1.1,552
1.2,493
1.3,451
1.4,411



Learning rate is 0.95

0.1,5006
0.2,2795
0.3,1995
0.4,1555
0.5,1255
0.6,1045
0.7,885
0.8,765
0.9,665
1,590
1.1,522
1.2,471
1.3,430
1.4,391



