Mometum Factor is 0.001

0.1,12424
0.2,6774
0.3,4695
0.4,3574
0.5,2854
0.6,2353
0.7,1985
0.8,1703
0.9,1483
1,1310
1.1,1165
1.2,1050
1.3,950
1.4,861



Mometum Factor is 0.051

0.1,11814
0.2,6444
0.3,4474
0.4,3404
0.5,2724
0.6,2244
0.7,1893
0.8,1625
0.9,1415
1,1250
1.1,1112
1.2,1000
1.3,903
1.4,822



Mometum Factor is 0.101

0.1,11256
0.2,6144
0.3,4265
0.4,3254
0.5,2595
0.6,2144
0.7,1805
0.8,1553
0.9,1353
1,1193
1.1,1063
1.2,955
1.3,863
1.4,790



Mometum Factor is 0.151

0.1,10746
0.2,5865
0.3,4076
0.4,3105
0.5,2485
0.6,2053
0.7,1733
0.8,1485
0.9,1295
1,1142
1.1,1020
1.2,915
1.3,830
1.4,753



Mometum Factor is 0.201

0.1,10285
0.2,5615
0.3,3905
0.4,2975
0.5,2384
0.6,1965
0.7,1663
0.8,1425
0.9,1243
1,1100
1.1,980
1.2,880
1.3,795
1.4,721



Mometum Factor is 0.251

0.1,9855
0.2,5385
0.3,3746
0.4,2864
0.5,2294
0.6,1894
0.7,1595
0.8,1373
0.9,1195
1,1055
1.1,940
1.2,845
1.3,761
1.4,695



Mometum Factor is 0.301

0.1,9464
0.2,5175
0.3,3605
0.4,2754
0.5,2205
0.6,1824
0.7,1540
0.8,1323
0.9,1155
1,1015
1.1,905
1.2,811
1.3,740
1.4,671



Mometum Factor is 0.351

0.1,9096
0.2,4975
0.3,3466
0.4,2655
0.5,2125
0.6,1755
0.7,1485
0.8,1275
0.9,1110
1,980
1.1,871
1.2,785
1.3,710
1.4,650



Mometum Factor is 0.401

0.1,8756
0.2,4795
0.3,3345
0.4,2556
0.5,2054
0.6,1695
0.7,1434
0.8,1230
0.9,1071
1,950
1.1,841
1.2,761
1.3,690
1.4,625



Mometum Factor is 0.451

0.1,8445
0.2,4625
0.3,3226
0.4,2475
0.5,1985
0.6,1640
0.7,1385
0.8,1190
0.9,1040
1,915
1.1,811
1.2,731
1.3,661
1.4,605



Mometum Factor is 0.501

0.1,8146
0.2,4465
0.3,3125
0.4,2395
0.5,1924
0.6,1585
0.7,1340
0.8,1155
0.9,1005
1,890
1.1,791
1.2,711
1.3,641
1.4,585



Mometum Factor is 0.551

0.1,7875
0.2,4316
0.3,3025
0.4,2315
0.5,1864
0.6,1540
0.7,1300
0.8,1120
0.9,975
1,861
1.1,761
1.2,691
1.3,621
1.4,571



Mometum Factor is 0.601

0.1,7615
0.2,4176
0.3,2925
0.4,2245
0.5,1805
0.6,1495
0.7,1260
0.8,1086
0.9,950
1,840
1.1,741
1.2,671
1.3,601
1.4,551



Mometum Factor is 0.651

0.1,7375
0.2,4046
0.3,2836
0.4,2176
0.5,1755
0.6,1450
0.7,1226
0.8,1055
0.9,920
1,811
1.1,721
1.2,651
1.3,591
1.4,535



Mometum Factor is 0.701

0.1,7145
0.2,3925
0.3,2755
0.4,2115
0.5,1700
0.6,1410
0.7,1190
0.8,1026
0.9,891
1,790
1.1,701
1.2,631
1.3,571
1.4,521



Mometum Factor is 0.751

0.1,6926
0.2,3806
0.3,2675
0.4,2055
0.5,1655
0.6,1370
0.7,1160
0.8,1000
0.9,871
1,770
1.1,681
1.2,611
1.3,555
1.4,501



Mometum Factor is 0.801

0.1,6726
0.2,3696
0.3,2596
0.4,2005
0.5,1610
0.6,1335
0.7,1130
0.8,971
0.9,850
1,751
1.1,671
1.2,601
1.3,541
1.4,491



Mometum Factor is 0.851

0.1,6536
0.2,3596
0.3,2535
0.4,1946
0.5,1570
0.6,1300
0.7,1100
0.8,950
0.9,821
1,731
1.1,651
1.2,581
1.3,531
1.4,481



Mometum Factor is 0.901

0.1,6356
0.2,3496
0.3,2466
0.4,1905
0.5,1530
0.6,1270
0.7,1075
0.8,925
0.9,801
1,711
1.1,631
1.2,571
1.3,521
1.4,471



Mometum Factor is 0.951

0.1,6186
0.2,3406
0.3,2406
0.4,1856
0.5,1496
0.6,1240
0.7,1050
0.8,905
0.9,791
1,691
1.1,621
1.2,561
1.3,505
1.4,451



