Mometum Factor is 0.001

0.01,6640
0.02,4906
0.03,4260
0.04,3908
0.05,3681
0.06,3518
0.07,3395
0.08,3295
0.09,3214
0.1,3145
0.11,3085
0.12,3032
0.13,2984
0.14,2941



Mometum Factor is 0.051

0.01,6338
0.02,4681
0.03,4067
0.04,3728
0.05,3511
0.06,3355
0.07,3237
0.08,3153
0.09,3076
0.1,2998
0.11,2953
0.12,2905
0.13,2859
0.14,2802



Mometum Factor is 0.101

0.01,6062
0.02,4476
0.03,3886
0.04,3573
0.05,3369
0.06,3223
0.07,3095
0.08,3003
0.09,2929
0.1,2890
0.11,2833
0.12,2789
0.13,2747
0.14,2675



Mometum Factor is 0.151

0.01,5769
0.02,4291
0.03,3723
0.04,3415
0.05,3216
0.06,3074
0.07,2986
0.08,2902
0.09,2833
0.1,2778
0.11,2723
0.12,2642
0.13,2639
0.14,2561



Mometum Factor is 0.201

0.01,5586
0.02,4119
0.03,3574
0.04,3293
0.05,3110
0.06,2973
0.07,2877
0.08,2798
0.09,2727
0.1,2631
0.11,2580
0.12,2535
0.13,2493
0.14,2515



Mometum Factor is 0.251

0.01,5306
0.02,3962
0.03,3449
0.04,3174
0.05,2991
0.06,2837
0.07,2774
0.08,2692
0.09,2587
0.1,2530
0.11,2531
0.12,2435
0.13,2395
0.14,2359



Mometum Factor is 0.301

0.01,5101
0.02,3818
0.03,3324
0.04,3038
0.05,2886
0.06,2764
0.07,2635
0.08,2556
0.09,2491
0.1,2435
0.11,2387
0.12,2344
0.13,2306
0.14,2345



Mometum Factor is 0.351

0.01,5001
0.02,3684
0.03,3194
0.04,2953
0.05,2794
0.06,2671
0.07,2542
0.08,2514
0.09,2458
0.1,2410
0.11,2369
0.12,2340
0.13,2223
0.14,2187



Mometum Factor is 0.401

0.01,4736
0.02,3550
0.03,3102
0.04,2855
0.05,2666
0.06,2586
0.07,2502
0.08,2435
0.09,2320
0.1,2268
0.11,2223
0.12,2182
0.13,2231
0.14,2112



Mometum Factor is 0.451

0.01,4574
0.02,3442
0.03,3003
0.04,2739
0.05,2579
0.06,2463
0.07,2375
0.08,2303
0.09,2243
0.1,2193
0.11,2238
0.12,2196
0.13,2075
0.14,2041



Mometum Factor is 0.501

0.01,4535
0.02,3324
0.03,2891
0.04,2653
0.05,2542
0.06,2431
0.07,2299
0.08,2230
0.09,2243
0.1,2123
0.11,2080
0.12,2042
0.13,2107
0.14,1976



Mometum Factor is 0.551

0.01,4279
0.02,3223
0.03,2803
0.04,2572
0.05,2422
0.06,2361
0.07,2295
0.08,2163
0.09,2106
0.1,2141
0.11,2116
0.12,1979
0.13,1945
0.14,2038



Mometum Factor is 0.601

0.01,4263
0.02,3127
0.03,2721
0.04,2535
0.05,2351
0.06,2245
0.07,2234
0.08,2168
0.09,2045
0.1,2095
0.11,1957
0.12,2035
0.13,1887
0.14,1856



Mometum Factor is 0.651

0.01,4021
0.02,3052
0.03,2643
0.04,2426
0.05,2327
0.06,2182
0.07,2166
0.08,2111
0.09,1986
0.1,2031
0.11,1900
0.12,1865
0.13,1960
0.14,1805



Mometum Factor is 0.701

0.01,4041
0.02,2968
0.03,2571
0.04,2359
0.05,2222
0.06,2177
0.07,2120
0.08,1983
0.09,1931
0.1,1886
0.11,1951
0.12,1813
0.13,1914
0.14,1883



Mometum Factor is 0.751

0.01,3793
0.02,2890
0.03,2526
0.04,2332
0.05,2163
0.06,2066
0.07,2058
0.08,2008
0.09,1880
0.1,1836
0.11,1798
0.12,1881
0.13,1867
0.14,1706



Mometum Factor is 0.801

0.01,3824
0.02,2800
0.03,2438
0.04,2274
0.05,2155
0.06,2012
0.07,1939
0.08,1880
0.09,1831
0.1,1788
0.11,1751
0.12,1718
0.13,1818
0.14,1800



Mometum Factor is 0.851

0.01,3591
0.02,2729
0.03,2407
0.04,2182
0.05,2103
0.06,1962
0.07,1963
0.08,1834
0.09,1879
0.1,1744
0.11,1707
0.12,1674
0.13,1779
0.14,1619



Mometum Factor is 0.901

0.01,3495
0.02,2662
0.03,2344
0.04,2129
0.05,2064
0.06,1915
0.07,1845
0.08,1886
0.09,1838
0.1,1808
0.11,1666
0.12,1761
0.13,1750
0.14,1726



Mometum Factor is 0.951

0.01,3555
0.02,2598
0.03,2290
0.04,2118
0.05,2009
0.06,1943
0.07,1802
0.08,1834
0.09,1799
0.1,1661
0.11,1758
0.12,1726
0.13,1707
0.14,1542



