3708.997 30
3710.010 3
3711.022 3
3712.036 4
3713.048 3
3714.061 3
3715.075 2
3716.089 4
3717.102 3
3718.115 3
3719.128 3
3720.141 5
3721.154 6
3722.165 5
3723.178 7
3724.191 7
3725.204 7
3726.217 4
3727.229 10
3728.242 7
3729.257 7
3730.264 7
3731.272 8
3732.287 5
3733.301 7
3734.312 7
3735.323 6
3736.335 8
3737.348 6
3738.362 7
3739.374 4
3740.388 3
3741.401 3
3742.413 7
3743.427 4
3744.440 4
3745.453 3
3746.460 7
3747.470 13
3748.478 8
3749.488 13
3750.501 5
3751.517 8
3752.524 9
3753.534 5
3754.548 4
3755.561 4
3756.569 6
3757.583 8
3758.597 3
3759.609 3
3760.623 3
3761.635 6
3762.649 4
3763.661 11
3764.668 24
3765.676 17
3766.684 22
3767.692 23
3768.705 9
3769.718 6
3770.731 3
3771.744 4
3772.757 3
3773.770 3
3774.784 3
3775.797 3
3776.810 3
3777.824 3
3778.837 3
3779.850 3
3780.862 4
3781.876 3
3782.889 4
3783.900 2
3784.913 2
3785.927 2
3786.938 8
3787.951 4
3788.964 4
3789.977 9
3790.990 6
3792.004 4
3793.012 10
3794.023 11
3795.031 9
3796.036 10
3797.051 11
3798.064 7
3799.077 22
3800.088 17
3801.102 6
3802.115 4
3803.128 3
3804.141 3
3805.153 2
3806.166 3
3807.179 3
3808.194 3
3809.207 3
3810.220 3
3811.234 3
3812.246 3
3813.260 5
3814.272 3
3815.285 3
3816.297 5
3817.310 5
3818.324 4
3819.337 3
3820.346 5
3821.359 7
3822.372 4
3823.385 8
3824.398 3
3825.411 3
3826.424 3
3827.436 9
3828.449 5
3829.461 8
3830.474 3
3831.488 3
3832.501 2
3833.514 3
3834.527 2
3835.540 3
3836.552 3
3837.565 3
3838.579 3
3839.592 4
3840.605 2
3841.618 3
3842.631 3
3843.643 5
3844.657 2
3845.668 3
3846.681 2
3847.695 2
3848.707 4
3849.720 3
3850.733 3
3851.747 2
3852.760 3
3853.773 10
3854.786 4
3855.799 3
3856.810 2
3857.824 3
3858.837 4
3859.851 3
3860.865 3
3861.878 3
3862.891 3
3863.905 3
3864.915 3
3865.923 4
3866.933 2
3867.940 3
3868.952 3
3869.959 4
3870.970 2
3871.976 3
3872.986 2
3873.992 3
3875.003 3
3876.008 3
3877.015 2
3878.029 7
3879.040 2
3880.047 3
3881.056 2
3882.063 9
3883.074 4
3884.089 8
3885.100 5
3886.115 4
3887.128 3
3888.141 3
3889.155 4
3890.163 3
3891.173 2
3892.181 3
3893.194 2
3894.201 3
3895.213 2
3896.217 4
3897.229 6
3898.235 2
3899.240 3
3900.251 2
3901.262 3
3902.270 3
3903.278 4
3904.286 3
3905.297 2
3906.304 2
3907.315 2
3908.323 4
3909.333 3
3910.340 3
3911.348 2
3912.355 3
3913.366 3
3914.372 3
3915.383 2
3916.389 3
3917.400 3
3918.404 4
3919.416 3
3920.421 4
3921.431 6
3922.436 3
3923.447 3
3924.452 4
3925.463 3
3926.468 3
3927.479 2
3928.484 4
3929.495 2
3930.500 3
3931.511 3
3932.516 2
3933.522 4
3934.528 6
3935.539 2
3936.546 4
3937.557 2
3938.564 3
3939.575 3
3940.580 7
3941.585 3
3942.590 3
3943.601 2
3944.608 8
3945.619 6
3946.626 5
3947.636 5
3948.648 3
3949.658 3
3950.667 5
3951.677 6
3952.686 4
3953.697 7
3954.709 3
3955.719 3
3956.734 3
3957.746 3
3958.755 5
3959.762 4
3960.770 5
3961.781 3
3962.789 3
3963.799 3
3964.807 3
3965.818 3
3966.824 8
3967.834 3
3968.840 2
3969.851 3
3970.856 3
3971.867 2
3972.872 4
3973.883 6
3974.888 3
3975.897 2
3976.903 4
3977.915 2
3978.920 3
3979.931 2
3980.936 3
3981.947 2
3982.953 3
3983.958 1
3984.971 4
3985.981 6
3986.996 4
3988.010 3
3989.018 4
3990.028 3
3991.035 3
3992.046 3
3993.053 7
3994.064 3
3995.071 3
3996.083 2
3997.088 3
3998.099 2
3999.104 3
4000.116 2
4001.121 3
4002.132 2
4003.137 3
4004.148 3
4005.153 3
4006.163 2
4007.169 2
4008.179 2
4009.184 3
4010.195 2
4011.201 2
4012.211 2
4013.216 3
4014.228 2
4015.233 2
4016.237 3
4017.243 6
4018.247 3
4019.257 2
4020.261 4
4021.272 8
4022.284 4
4023.292 9
4024.302 3
4025.315 3
4026.329 3
4027.340 7
4028.353 4
4029.366 4
4030.379 8
4031.392 3
4032.405 3
4033.418 3
4034.432 3
4035.445 2
4036.458 4
4037.471 6
4038.483 3
4039.491 4
4040.503 2
4041.510 4
4042.522 2
4043.528 6
4044.540 3
4045.544 3
4046.555 2
4047.560 3
4048.572 3
4049.576 3
4050.588 2
4051.592 3
4052.603 2
4053.608 3
4054.619 3
4055.624 5
4056.631 5
4057.635 3
4058.647 2
4059.655 3
4060.665 2
4061.671 3
4062.683 2
4063.688 4
4064.698 3
4065.704 3
4066.715 2
4067.725 2
4068.733 7
4069.742 3
4070.749 3
4071.757 16
4072.768 12
4073.775 12
4074.785 5
4075.799 14
4076.808 10
4077.818 13
4078.826 13
4079.834 11
4080.842 6
4081.850 16
4082.859 14
4083.871 14
4084.878 12
4085.883 17
4086.893 13
4087.905 12
4088.915 6
4089.926 6
4090.934 14
4091.944 8
4092.957 13
4093.970 5
4094.984 12
4095.991 14
4097.002 15
4098.009 26
4099.014 27
4100.018 28
4101.025 33
4102.031 33
4103.043 18
4104.053 20
4105.065 23
4106.077 17
4107.087 13
4108.101 14
4109.112 6
4110.125 11
4111.132 19
4112.143 15
4113.156 13
4114.169 16
4115.183 18
4116.191 16
4117.201 15
4118.208 17
4119.217 5
4120.225 5
4121.234 18
4122.245 16
4123.259 6
4124.272 18
4125.285 15
4126.298 14
4127.312 14
4128.324 19
4129.335 5
4130.340 25
4131.345 24
4132.355 18
4133.370 10
4134.383 6
4135.397 7
4136.406 17
4137.411 23
4138.420 20
4139.425 24
4140.431 21
4141.436 16
4142.448 26
4143.456 26
4144.466 30
4145.478 27
4146.485 22
4147.495 27
4148.508 20
4149.516 24
4150.526 21
4151.534 21
4152.538 27
4153.543 33
4154.549 29
4155.555 28
4156.563 24
4157.567 17
4158.657 21
4159.667 14
4160.675 10
4161.680 8
4162.693 11
4163.706 16
4164.713 8
4165.721 14
4166.734 6
4167.746 5
4168.756 12
4169.772 6
4170.785 11
4171.792 13
4172.802 13
4173.815 10
4174.822 20
4175.827 18
4176.835 18
4177.843 20
4178.848 22
4179.856 15
4180.863 23
4181.874 25
4182.881 20
4183.889 19
4184.900 11
4185.914 14
4186.927 11
4187.940 8
4188.955 7
4189.968 6
4190.979 6
4191.990 15
4193.001 9
4194.013 9
4195.023 12
4196.033 6
4197.044 4
4198.052 10
4199.061 13
4200.074 7
4201.087 10
4202.100 10
4203.107 13
4204.117 9
4205.126 10
4206.137 6
4207.146 9
4208.154 14
4209.167 9
4210.180 8
4211.195 8
4212.209 6
4213.222 4
4214.232 8
4215.238 10
4216.248 8
4217.260 8
4218.273 5
4219.287 11
4220.294 13
4221.307 11
4222.316 11
4223.325 20
4224.338 20
4225.346 23
4226.357 16
4227.369 9
4228.381 18
4229.393 11
4230.400 15
4231.406 19
4232.415 14
4233.422 16
4234.432 13
4235.441 22
4236.453 21
4237.468 14
4238.481 21
4239.489 12
4240.496 9
4241.507 9
4242.515 30
4243.519 47
4244.529 37
4245.537 33
4246.548 26
4247.556 24
4248.566 13
4249.576 12
4250.590 13
4251.597 10
4252.602 18
4253.613 16
4254.620 14
4255.629 12
4256.643 9
4257.653 12
4258.661 19
4259.671 6
4260.685 2
4261.696 8
4262.703 17
4263.708 15
4264.713 16
4265.724 10
4266.737 9
4267.747 17
4268.758 16
4269.771 7
4270.779 16
4271.790 9
4272.798 27
4273.803 22
4274.813 14
4275.826 6
4276.837 7
4277.848 20
4278.859 13
4279.871 11
4280.884 7
4281.899 14
4282.910 22
4283.916 11
4284.927 4
4285.937 10
4286.951 4
4287.958 23
4288.968 10
4289.982 4
4290.995 10
4292.007 9
4293.018 21
4294.031 12
4295.045 9
4296.058 4
4297.065 14
4298.071 26
4299.083 18
4300.094 4
4301.103 8
4302.114 9
4303.125 23
4304.137 6
4305.150 6
4306.162 8
4307.171 5
4308.180 22
4309.193 4
4310.207 3
4311.221 3
4312.229 9
4313.236 23
4314.250 5
4315.263 6
4316.276 3
4317.288 7
4318.299 18
4319.312 3
4320.325 6
4321.337 8
4322.345 8
4323.353 19
4324.366 3
4325.377 7
4326.387 5
4327.395 8
4328.404 17
4329.417 3
4330.431 3
4331.444 3
4332.451 10
4333.461 15
4334.474 6
4335.488 5
4336.502 4
4337.510 10
4338.515 15
4339.525 7
4340.537 16
4341.550 9
4342.564 7
4343.577 3
4344.590 2
4345.599 7
4346.611 18
4347.624 12
4348.638 11
4349.653 6
4350.660 14
4351.668 11
4352.679 14
4353.692 5
4354.705 7
4355.718 3
4356.732 3
4357.739 12
4358.749 7
4359.760 6
4360.773 16
4361.788 10
4362.800 12
4363.813 13
4364.818 21
4365.829 15
4366.836 9
4367.844 16
4368.852 13
4369.866 11
4370.880 16
4371.888 28
4372.899 25
4373.944 46
4374.949 32
4375.960 24
4376.967 14
4377.974 22
4378.988 11
4380.001 11
4381.005 19
4382.016 16
4383.025 14
4384.030 15
4385.035 12
4386.046 11
4387.053 12
4388.061 13
4389.074 2
4390.083 9
4391.090 18
4392.095 35
4393.106 13
4394.115 15
4395.127 12
4396.138 11
4397.148 11
4398.162 9
4399.175 7
4400.189 10
4401.198 15
4402.203 15
4403.214 26
4404.228 20
4405.235 18
4406.246 13
4407.257 8
4408.269 26
4409.282 15
4410.294 23
4411.302 18
4412.312 7
4413.325 2
4414.337 10
4415.349 12
4416.361 7
4417.372 10
4418.380 12
4419.390 12
4420.398 21
4421.406 14
4422.419 4
4423.432 5
4424.445 5
4425.458 2
4426.472 3
4427.484 6
4428.498 7
4429.505 8
4430.515 15
4431.530 17
4432.544 10
4433.557 14
4434.568 13
4435.577 13
4436.582 17
4437.589 13
4438.602 11
4439.615 4
4440.627 5
4441.640 9
4442.653 4
4443.666 8
4444.680 4
4445.693 2
4446.707 3
4447.719 12
4448.732 13
4449.745 4
4450.758 16
4451.766 11
4452.772 8
4453.784 3
4454.792 9
4455.796 17
4456.804 15
4457.817 13
4458.830 21
4459.841 12
4460.852 17
4461.864 13
4462.872 9
4463.882 14
4464.895 7
4465.907 18
4466.915 8
4467.921 22
4468.931 30
4469.940 9
4470.948 12
4471.953 9
4472.965 6
4473.975 11
4474.986 12
4475.999 7
4477.015 12
4478.029 7
4479.043 10
4480.055 8
4481.064 15
4482.075 9
4483.088 9
4484.103 12
4485.116 8
4486.131 11
4487.144 9
4488.157 7
4489.171 7
4490.185 9
4491.194 10
4492.205 8
4493.218 5
4494.232 5
4495.246 3
4496.257 4
4497.265 9
4498.273 5
4499.286 3
4500.300 5
4501.312 8
4502.324 9
4503.337 3
4504.350 13
4505.363 6
4506.374 3
4507.387 4
4508.402 6
4509.416 7
4510.427 8
4511.442 8
4512.456 6
4513.470 5
4514.483 8
4515.496 10
4516.510 9
4517.521 9
4518.532 11
4519.540 14
4520.552 10
4521.563 25
4522.574 15
4523.585 16
4524.597 19
4525.608 9
4526.621 8
4527.634 12
4528.647 8
4529.661 4
4530.672 16
4531.683 11
4532.696 13
4533.705 11
4534.714 10
4535.722 9
4536.731 15
4537.743 20
4538.756 7
4539.763 24
4540.773 15
4541.786 7
4542.799 4
4543.812 9
4544.826 5
4545.839 6
4546.847 5
4547.851 14
4548.856 19
4549.867 4
4550.878 4
4551.892 8
4552.905 3
4553.918 3
4554.926 6
4555.934 11
4556.945 4
4557.958 5
4558.972 5
4559.985 7
4560.998 5
4562.010 9
4563.024 4
4564.037 4
4565.050 7
4566.064 3
4567.077 2
4568.090 3
4569.104 7
4570.115 7
4571.126 5
4572.136 18
4573.148 11
4574.161 3
4575.171 2
4576.182 4
4577.196 3
4578.209 6
4579.222 5
4580.235 4
4581.248 3
4582.256 5
4583.264 7
4584.278 5
4585.291 2
4586.305 4
4587.318 3
4588.332 3
4589.345 3
4590.358 3
4591.372 3
4592.384 3
4593.393 9
4594.403 4
4595.416 2
4596.431 5
4597.444 4
4598.456 3
4599.470 3
4600.483 7
4601.493 10
4602.505 4
4603.512 8
4604.517 12
4605.523 21
4606.538 19
4607.543 17
4608.554 13
4609.568 6
4610.579 10
4611.590 7
4612.600 10
4613.615 11
4614.622 9
4615.633 22
4616.641 22
4617.651 23
4618.665 13
4619.672 16
4620.678 28
4621.683 28
4622.687 27
4623.697 34
4624.705 21
4625.709 17
4626.720 8
4627.731 10
4628.743 15
4629.754 10
4630.765 8
4631.775 13
4632.790 7
4633.798 10
4634.804 12
4635.811 21
4636.824 8
4637.835 12
4638.848 10
4639.859 6
4640.871 9
4641.884 12
4642.898 10
4643.910 9
4644.923 10
4645.936 7
4646.948 7
4647.961 7
4648.976 13
4649.983 20
4650.988 15
4651.994 12
4652.998 12
4654.003 13
4655.015 9
4656.027 8
4657.041 7
4658.054 12
4659.068 8
4660.083 7
4661.091 8
4662.103 15
4663.113 9
4664.125 10
4665.138 11
4666.146 8
4667.158 11
4668.171 12
4669.179 19
4670.190 14
4671.198 20
4672.209 9
4673.216 11
4674.222 16
4675.234 8
4676.248 7
4677.258 11
4678.269 20
4679.287 20
4680.297 15
4681.306 16
4682.316 27
4683.329 16
4684.344 17
4685.356 11
4686.363 13
4687.374 9
4688.388 19
4689.402 10
4690.411 20
4691.421 20
4692.434 9
4693.449 16
4694.461 11
4695.473 19
4696.487 9
4697.500 10
4698.513 10
4699.524 14
4700.533 13
4701.543 14
4702.550 17
4703.561 14
4704.568 21
4705.579 15
4706.593 14
4707.605 16
4708.618 11
4709.626 16
4710.631 16
4711.639 19
4712.653 19
4713.666 17
4714.673 21
4715.685 23
4716.699 21
4717.710 22
4718.727 21
4719.738 18
4720.750 18
4721.762 18
4722.770 15
4723.778 30
4724.789 25
4725.802 22
4726.816 20
4727.831 21
4728.838 25
4729.843 21
4730.848 30
4731.853 22
4732.860 19
4733.872 11
4734.887 22
4735.900 19
4736.908 22
4737.916 17
4738.930 14
4739.936 15
4740.947 11
4741.957 10
4742.968 13
4743.974 13
4744.982 11
4745.988 13
4746.998 10
4748.005 11
4749.014 12
4750.022 10
4751.036 12
4752.045 23
4753.054 23
4754.065 23
4755.074 20
4756.082 31
4757.087 30
4758.094 21
4759.100 29
4760.112 15
4761.117 16
4762.122 19
4763.131 15
4764.142 13
4765.151 22
4766.161 20
4767.172 21
4768.183 19
4769.191 30
4770.201 19
4771.213 20
4772.225 18
4773.242 23
4774.246 21
4775.257 18
4776.266 17
4777.271 16
4778.276 18
4779.280 21
4780.291 16
4781.301 15
4782.313 20
4783.319 20
4784.330 18
4785.338 23
4786.343 24
4787.348 13
4788.356 17
4789.363 18
4790.376 16
4791.385 12
4792.393 11
4793.401 11
4794.414 20
4795.421 20
4796.428 16
4797.441 17
4798.451 18
4799.460 16
4800.465 20
4801.473 19
4802.480 12
4803.493 13
4804.505 12
4805.512 16
4806.517 18
4807.527 13
4808.540 10
4809.553 17
4810.563 12
4811.571 12
4812.578 13
4813.588 17
4814.602 14
4815.615 14
4816.628 11
4817.642 13
4818.656 14
4819.670 12
4820.682 11
4821.695 12
4822.702 15
4823.712 17
4824.723 15
4825.731 31
4826.735 21
4827.744 22
4828.754 21
4829.762 23
4830.772 22
4831.781 23
4832.791 25
4833.804 23
4834.819 24
4835.829 24
4836.838 21
4837.850 22
4838.858 21
4839.868 22
4840.873 23
4841.881 25
4842.892 22
4843.898 23
4844.906 22
4845.912 25
4846.920 21
4847.928 26
4848.938 24
4849.951 22
4850.961 21
4851.974 23
4852.985 21
4853.995 24
4855.005 24
4856.016 23
4857.028 20
4858.041 23
4859.054 25
4860.066 26
4861.075 23
4862.086 25
4863.102 22
4864.116 23
4865.124 22
4866.135 23
4867.149 22
4868.161 21
4869.174 24
4870.186 20
4871.197 22
4872.202 22
4873.214 26
4874.227 22
4875.239 24
4876.249 23
4877.261 20
4878.275 25
4879.287 23
4880.302 20
4881.313 23
4882.318 26
4883.328 24
4884.342 24
4885.356 21
4886.367 23
4887.378 23
4888.391 21
4889.397 27
4890.407 20
4891.417 24
4892.426 23
4893.431 22
4894.442 20
4895.453 24
4896.465 23
4897.478 22
4898.487 22
4899.500 25
4900.509 24
4901.519 23
4902.531 23
4903.541 23
4904.557 21
4905.563 24
4906.573 23
4907.584 24
4908.594 25
4909.606 22
4910.617 23
4911.630 21
4912.640 25
4913.650 26
4914.657 23
4915.662 24
4916.667 22
4917.677 22
4918.689 23
4919.701 22
4920.712 25
4921.723 21
4922.734 24
4923.743 23
4924.761 22
4925.773 23
4926.784 25
4927.796 23
4928.802 21
4929.811 23
4930.823 22
4931.833 21
4932.839 24
4933.847 24
4934.858 24
4935.872 22
4936.883 22
4937.894 22
4938.905 22
4939.916 21
4940.926 23
4941.937 20
4942.948 24
4943.958 22
4944.966 24
4945.977 23
4946.989 25
4947.998 24
4949.010 24
4950.023 25
4951.033 23
4952.044 22
4953.057 21
4954.070 23
4955.079 20
4956.087 24
4957.100 23
4958.107 22
4959.117 20
4960.129 24
4961.136 24
4962.148 22
4963.157 24
4964.167 21
4965.181 23
4966.198 22
4967.208 23
4968.219 19
4969.226 24
4970.236 23
4971.247 21
4972.258 22
4973.270 24
4974.277 26
4975.290 25
4976.300 25
4977.315 22
4978.327 21
4979.339 20
4980.349 21
4981.359 23
4982.372 23
4983.388 24
4984.402 23
4985.414 23
4986.422 22
4987.428 27
4988.438 25
4989.449 25
4990.455 23
4991.468 25
4992.481 22
4993.495 22
4994.509 20
4995.518 21
4996.527 23
4997.539 22
4998.552 23
4999.567 24
5000.581 23
5001.590 27
5002.605 22
5003.619 24
5004.630 24
5005.640 20
5006.653 24
5007.668 23
5008.679 22
5009.693 25
5010.703 22
5011.717 22
5012.730 22
5013.743 22
5014.754 24
5015.761 23
5016.774 23
5017.785 22
5018.790 20
5019.798 22
5020.809 19
5021.822 23
5022.830 24
5023.838 24
5024.851 23
5025.865 26
